$ANSIBLE_VAULT;1.1;AES256
37663165303263303237333661306139393762636565643232653866633865383630663332396534
6665336531613530373566663034353432623236616430360a363164393539373134356134306436
64386366343036346637636239363661393565323739343466343162366638643262386131616536
3166333165356165340a653934353538383762623765376130633436393838653666633335383436
33643933653931373162666237383731623662663139346239323531373765346565653834633430
31346131333665326261313366303463313665663862373336393737313364303266353635396435
37613038343734323865313763663333626330613063646632663935373963303266306436313232
66303536336334326533633961643864346334313534626663313435643936363664656536656431
37366134643465353137366432636431633734373038343765346137373364353839613661363163
63303135613533376132393239366531396532393035623630656631323436346539323265326633
64313132343663623561373831656431323039623837663935633339663535303266353362373337
37613035383961313332396661336466633530323030333630333961353738326561666230646262
64366234363930653731393534323036306663303134393763643164306265376163643366323062
63386365383661306266653939366338653138393861326236373933363436363531363434666139
63333731663239643035663761393034393334653732303936316231343237313532386230616231
61326461336432643563653233343461323031346261366438643133323262346261363336653932
65626264343839306435666461363061386632396438636632313262363734323065633434393333
39363262626135613431656131666463386162376636636131363165663733346333643066393430
36333161373331636531636161323462396630353838303438636639343963616539346363623032
31303863663331633134343539363861653339363163373666333330373838343933623361623466
63353065663262393231306236306264323930633136346130356533633731333038633134356264
65636533616166623430386132313561376333366332393939396638653862356432623662386664
66303765623339643439663065613336356235363533623534616230303639373034383165383236
62656164313666353333323237663331633532313834323164333266346265643033643961333965
64376231383662343966633134343930666462306262306339363761353064383865663561626464
65373064373533346532623661336630333134376261643136656236306637393730666161333137
32633534373264623030613131663038626437363831353861633863663164366131383662393564
32363333303163643233653432633339323263393565343837343863373133646531393831303039
34383062633462616365643438643437663564353437313435616263623361323364313264383564
61343131323639643561656364666131393232666133643763623931316166336632336262653037
62653565313961373662396263626535303537646432356433323362323838336163646561326333
64316364393964663335613635303737396136333266353466633861313166643432616265653465
35343331326362363432386432386562313633613339633030396464366136356633653336376465
61663234396135386130376533623964663332373433656431613663626431373631336663376435
33663866613934376438383235363965643366663633326330366139383932383764656632383139
62353138636335386464626134316466636165323161366433656363653539356632343534363763
62663663666366383666633162346230313734343161346639333634643331623638323565656439
39376630316163643939663636343530653632313231313636333933616639363734363939396461
32623532316133633134306431363339656630396262323038333839353266373133393864333962
65646338383966313534373435326465646637386663653139343261626430653964353836373530
31323464646162303863373235393936373137666434323766323564643761326334376136393262
62313935666537336665326463393330306634653636323764326362653461353438366232613632
66636630653634656236646131306362333737373361306538333663633333643133373563623338
63306336333636623139306562653664623164366135326139383930353635633235663933613139
36343362636530333266336439386430653764623639653732333934663133333237633634356238
33643633613937343661646531376464393638393538353731303039663536353865613833396239
34383538613861663936626265306232313665383861643962333263303934666531376534663261
33633239616236323265663538646566313438353036333330386231336130666539333233386366
63356133613235616430356165623465393134386430383731643330623838303163613736343831
33353837663937323431313139653063336533343335613036366234333235306333343435353033
65376531636130646434333065623031666661656631613930393239393531653065666335313431
36616338363066623938383438613136396166326530383031363263373036653164383837663837
36316636653666643961343733343336333535326538336563363461646563343062363639393561
65633662613637306530633165656563356662333039373262393834343965623731306433633663
30313535633064313331613333303834353064366239306531353835646430333963393266643432
65653161666338393139356331353334663836663163646637323230363937383735663531623039
63656165663838636238363235376134623962356233383430313435333333336261313038623735
34613838303737376632613766376136653365393965653339613862633462643661386431373933
33323664633936636464666236333934343136623166386665353434633532336231613932306531
66333462616235316563613237626266646166643563636163616161636234346465646436343266
36353862356363633433333030653135633964323631343931343539333161613430376564333836
65373632646566316361323962616638653561343733303231376165366336323031616465363937
30343435313334363932363932653439313162646665306237363136303832323632306464633833
33303862353335663431396433616237303732633031346433303430623031363265323138373436
66333861376331336432633165633638626339656132353834373236343866363138333938333862
39373639613063643061313665383634663039396537323966393261303231636463346137303061
61306533383331663335353034643763666164666331343762363964386635333538346366343664
38356631346138396336326239323364373865326365313539646339623235366163613337363937
35323438626536313634336632616236396336306234313536653862366463613239353466616262
31383462613230633565653533333437373964363633393765393730626464623234356130623862
32653662396431653064343363373430396461663939376361323730666463616339313039303363
32643163333938333135313132363464393339636566316161323237316334653664643637643131
39663430303932353533666661373363336237623435663731616464343138386534386463613330
37376562663966613035356434313135326234393763363035363965356637386135623530303735
36323366343666363861623231376538666631333930326538376531316565336637653633646334
39653165346130356538346330333430613763333164383038663436393734663235663030383030
63356165383632383530306531633238323265373035616464623762333563316361626533393562
33633766666363663631323433613935323166393132336538643465323938306364383734393632
66386239386133646338633637373865303762363363623335666230373638333938386262303738
34613132613031633564363339353139326161366536353234313766303939626561633861636365
34333637373838326635383233313862306335636164356337373933346638663531396439386666
36386239653162323036356437306338613062323232393332376137656636343365346466336566
63383666343261633561386661396366376437626162356166363036323165333236623966656239
33646635663537373932646634363562663633313939656463376636643630653936613965383461
35323031326134393862356565393931623839363139373266316335333365373835656633306231
32323632633139653730373832646539333834326431326339666534636139343432373363633731
35393236623235663036376232373834343530336166653331396330666637653964623634633761
61346338333562396137
